Generate matrix A and vector b.
Matrix A:

         5          8          9          4          4          1          9 
         1          9          5          7          6          9          4 
         6          3          3          1          0          3          3 
         2          0          2          7          4          6          8 
         6          8          1          4          7          1          4 
         8          1          0          1          0          0          1 
         7          5          2          0          7          3          8 

Vector b:
         1          2          2          4          7          0          2 

Factorize A into QR.
Right triangular matris R:

      14.7       10.8       6.27       5.39       8.52       4.84       11.7 
         0       11.3       6.75       6.45       7.53       6.09       5.69 
         0          0       6.25       2.34       -1.5       1.68       5.51 
         0          0          0       7.48       3.08       6.25       3.69 
         0          0          0          0       4.99       1.24       6.14 
         0          0          0          0          0       5.75     -0.176 
         0          0          0          0          0          0          1 
Orthogonal matrix Q:

     0.341      0.382      0.685     -0.255    0.00473     -0.442    -0.0897 
    0.0682      0.731    -0.0584      0.275     -0.204      0.496     -0.307 
     0.409     -0.125      0.204     -0.118     -0.377      0.458       0.64 
     0.136      -0.13      0.324      0.849      0.338    -0.0239      0.156 
     0.409      0.318     -0.594      0.152    -0.0475     -0.488      0.339 
     0.546     -0.431    -0.0815      0.138     -0.391    -0.0451     -0.579 
     0.477    -0.0127     -0.146     -0.287       0.74      0.329     -0.114 

Test that Q^T*Q =I:

         1   7.37e-17  -8.33e-17   5.55e-17   1.11e-16  -1.94e-16  -1.45e-15 
  7.37e-17          1   8.48e-17  -1.73e-18   1.89e-16  -2.98e-16  -1.81e-15 
 -8.33e-17   8.48e-17          1  -9.02e-17   5.55e-17  -9.02e-17  -2.28e-15 
  5.55e-17  -1.73e-18  -9.02e-17          1   2.22e-16   1.25e-16  -9.65e-16 
  1.11e-16   1.89e-16   5.55e-17   2.22e-16          1  -2.78e-17   1.12e-15 
 -1.94e-16  -2.98e-16  -9.02e-17   1.25e-16  -2.78e-17          1   6.25e-17 
 -1.45e-15  -1.81e-15  -2.28e-15  -9.65e-16   1.12e-15   6.25e-17          1 

Test that QR - A = [0]:

         0          0          0          0          0          0  -1.78e-15 
 -1.11e-16          0          0          0   8.88e-16          0          0 
         0          0          0          0   2.22e-16          0          0 
 -2.22e-16          0          0          0  -4.44e-16          0          0 
         0          0          0   8.88e-16          0          0          0 
 -8.88e-16          0          0          0          0          0          0 
         0          0  -2.22e-16          0          0          0  -1.78e-15 

Solve QRx = b.
Result for x:
    -0.927       3.51      -4.38      0.562       -3.8     -0.139       3.34 

Check Ax = b.

Result for Ax:
         1          2          2          4          7   3.55e-15          2 
Vextor b:
         1          2          2          4          7          0          2 
