Generate matrix A and vector b.
Matrix A:

         2          1          6          6          6          9          2 
         0          1          4          4          8          3          0 
         4          1          7          9          6          4          3 
         3          5          9          7          6          3          8 
         5          5          3          1          9          2          0 
         1          6          6          3          1          7          3 
         3          9          8          3          1          2          9 
Vector B:
         5          3          7          7          5          1          9 
Factorize A into QR.
Right triangular matris R:

         8       9.88         14       10.8       12.9       8.25       8.75 
         0       8.51       5.49     -0.253      -2.01       2.29       6.76 
         0          0       8.05       9.18       4.45       7.07       4.39 
         0          0          0       1.09     -0.658      -0.87       -1.5 
         0          0          0          0       8.06       1.66      -3.67 
         0          0          0          0          0       6.72      -3.11 
         0          0          0          0          0          0     0.0746 
Orthogonal matrix Q:

      0.25     -0.173      0.428     -0.607     0.0163      0.558      -0.21 
         0      0.117      0.417      0.191      0.808     -0.207     -0.285 
       0.5     -0.462      0.315      0.566     -0.298    -0.0454     -0.161 
     0.375      0.152      0.362     -0.288    -0.0396     -0.474       0.63 
     0.625     -0.138      -0.62     -0.058      0.421      0.118      0.106 
     0.125       0.56      0.146      0.422      0.018      0.593      0.346 
     0.375      0.622    -0.0827     -0.105     -0.282     -0.232     -0.566 
Test that Q^T*Q =I:

         1  -5.55e-17   4.16e-17  -5.48e-16  -2.78e-17  -1.67e-16     -2e-14 
 -5.55e-17          1  -1.39e-16   1.42e-15   3.05e-16   1.94e-16   3.68e-14 
  4.16e-17  -1.39e-16          1   7.72e-16   2.08e-16   1.94e-16   3.43e-14 
 -5.48e-16   1.42e-15   7.72e-16          1  -3.47e-18    1.7e-16   3.39e-15 
 -2.78e-17   3.05e-16   2.08e-16  -3.47e-18          1  -9.71e-17   8.22e-15 
 -1.67e-16   1.94e-16   1.94e-16    1.7e-16  -9.71e-17          1  -6.99e-15 
    -2e-14   3.68e-14   3.43e-14   3.39e-15   8.22e-15  -6.99e-15          1 
Test that QR - A = [0]:

         0          0          0          0  -8.88e-16          0          0 
         0          0          0          0          0  -4.44e-16          0 
         0          0          0          0          0          0          0 
         0          0          0          0          0  -4.44e-16          0 
         0          0          0          0          0  -4.44e-16          0 
         0   8.88e-16          0          0  -1.11e-16          0  -8.88e-16 
         0          0          0  -4.44e-16          0  -2.22e-16          0 
Solve QRx = b.
Result for x:
      24.2      -55.4        132      -76.9      -13.7        -18      -38.2 
Check Ax = b.
Result for Ax:
         5          3          7          7          5          1          9 
Vextor b:
         5          3          7          7          5          1          9 
